1450172
4829
90262
215250
766039
245562
857340
597362
1973307
1081108
2714763
578462
5599
5599
156630
156630
156630
1678846
119927
119927
119927
119927
119927
119927
119927
946122
703135
1392246
857342
50730
1866961
1754192
1240240
1288291
84751
1277687
2447956
105984
1176127
47427
47428
1076256
97331
756982
2813651
2813651
2813651
2813651
2813651
2813651
2813651
2813651
2813651
2813651
2813651
2813651
1160509
5454
341454
1344418
392613
284811
1448322
690307
209559
209559
656916
656916
36643
105351
1226010
109264
767769
1450534
61420
454130
1392248
41067
602072
344612
138285
1448317
573508
1448320
1448314
1448319
331117
5059
5059
5059
1392242
332952
332952
5059
5059
5059
746128
746128
451804
330879
1437362
1476192
1160497
1448321
1450537
1448316
1450541
1448312
293939
293939
293939
293939
293939
293939
41062
1137211
656917
1810919
1448310
227321
227321
5061
5061
5061
5061
380704
1353008
1450533
1392255
986946
1392256
138278
1197718
1160506
510516
5062
1403190
5067
1353007
1448313
1825620
1506151
1506151
132259
308745
1388766
1450539
2070753
1448318
1450535
1034303
1960876
1392250
1036612
482145
41984
1220188
1220188
341663
33178
41047
1034304
767770
5068
1245748
1245748
91492
91492
91492
91492
91492
40382
1448315
1448311
1036611
1450538
1341132
1073089
1176131
1043003
1043004
5580
5580
5580
5580
5580
5580
5580
5580
5580
5580
5580
5580
5580
5580
5580
5580
5580
5580
5580
5580
5580
5580
5580
5580
5580
5580
5580
5580
5580
5580
5580
5580
5580
5580
5580
5580
5580
5580
5580
5580
5580
5580
5580
5580
5580
5580
5580
1043005
97359
984486
684364
403673
717646
176275
655819
1245745
176275
1081107
1938954
1447943
665024
701091
930090
665912
930089
653446
447095
559297
559298
2060905
1658174
2060906
546991
2867405
62690
1268274
388810
1095465
930990
38488
54673
278944
332648
1290391
999810
278938
278940
278943
278948
87229
87230
5007
5007
1124627
13370
1356009
264951
147558
1485229
1353952
1330018
237561
1094981
1094987
1325634
1165368
1094988
1094982
1094991
1094985
1094992
1094993
1094996
1094990
1094986
1094994
1094995
1094997
1094998
1094999
1095000
1094989
1094984
1094983
237561
237561
294748
498019
573826
1231522
284593
1245528
1136231
578454
294747
5486
1182541
1182542
1555241
1555241
794803
401625
1522189
1582974
88771
357750
122368
717836
348901
306901
759272
2249419
2249418
2249417
2249420
101091
1336337
1442370
1279043
86049
569365
1182543
1182544
706981
1111077
36911
36911
36911
36911
36911
306902
36911
1231657
5501
396776
404692
454286
246410
222929
454284
443226
565419
1849047
702518
708187
1445577
690256
1237896
645133
759273
80884
1573173
1573173
1460502
1209926
1209931
2078593
1347389
703756
1347390
1173701
1306861
708197
5466
796925
2025994
1408157
177199
1571157
741705
1168221
71717
240176
230819
1081104
43265
43265
983644
73501
2004951
1448308
68775
331657
1295533
1296118
1295531
1295532
2591691
1296109
1296111
1296102
1296103
1296108
1296112
1334442
1296104
1296107
1296101
1296106
1296117
294750
1296110
1296105
367775
1230079
1230081
1230057
1230080
1230056
1230065
1230059
1230061
1230073
1230070
1230071
1230075
1230076
1230055
1230064
1230058
1230060
235443
1230066
1230062
1230069
1230067
1230072
1230077
1230078
1230068
1230063
178876
178876
178876
178876
178876
178876
178876
178876
178876
178876
178876
178876
178876
178876
283643
214684
1295528
879819
879819
36022
36022
983966
4903
1314674
1220924
1230097
1858805
1284197
1314783
1001832
284592
184978
1314807
205917
1883078
1214573
158607
732165
114155
114155
114155
1150837
946125
236234
420778
420778
5481
1392245
98403
1043628
1003232
519963
302913
40998
40998
1447872
1247875
73230
1955775
1355160
284813
907965
876142
1178016
1263415
2340872
481877
646526
1081671
105696
1392243
931890
1034331
52586
225359
150374
1287681
1314781
1182545
858893
212818
212818
215243
1016849
91928
348802
671987
599839
436010
1128425
694068
743788
34475
1367422
254056
979981
1442371
856822
1442368
329885
329884
131363
231269
5516
5516
1147111
2675880
1325733
5127
5127
5127
5127
5127
5127
5127
5127
5127
5127
5127
5127
5127
5518
229533
5518
5518
5518
2010991
179993
694270
192010
42673
1089451
2502994
5507
5507
5507
5507
5507
426428
660027
660027
660029
396571
396571
396571
1089457
61366
1229664
61366
426428
1080343
1089452
451672
1080344
1089448
1089458
1089449
36050
948311
948311
1227346
948311
660122
1325734
5514
56646
117187
334819
117187
117187
644352
685588
1077348
914234
4874
44941
1116229
670483
658196
574774
62708
62708
62708
62714
1344416
5627
655863
231916
1447944
944289
148818
148818
1176355
56406
211096
56408
29833
29833
29833
29833
1246595
766949
686832
1447875
5364
2728926
1081669
135208
101127
747525
1043627
2902605
447093
544712
544711
2059318
706561
91943
91943
91943
91943
91943
91943
91943
91943
91943
91943
91943
1157616
1095630
1149755
994086
945553
984485
1001833
1001938
1001937
39966
933084
1569628
994334
994334
1365824
1071382
1071383
28985
1003335
4911
4911
4999
4922
981350
981350
644223
460519
1382522
1296100
1296121
1296120
1296119
1331196
1296122
1296123
1296096
1734106
1095629
486041
1072105
4955
1245769
1266667
1230905
1266666
1654605
433476
559295
1316785
1316786
1316788
215460
602034
602035
215461
1314785
136370
136370
45133
5353
1328759
1328758
1168545
1314670
985895
1714833
106004
1263082
688394
578093
1314771
675824
64571
379508
41688
1314788
690887
390894
1126212
100816
242507
318829
644358
77020
425264
76775
1230383
1230383
2020962
1072389
503106
1395130
1280837
1314802
655827
1081103
1276135
1291519
1291518
5530
1276141
500148
1276136
1276143
1081105
1649241
568076
655844
2163413
27322
869754
2562755
294746
2028340
269621
289078
289078
796604
196109
554155
703497
559304
764103
764103
1081109
84753
84753
84754
5098
38448
38457
61186
1381753
221103
155416
155416
155417
2211642
2211644
2211643
2211647
2211646
2211645
1081914
1392247
91626
1220926
747725
574789
857566
71784
535722
1064592
1071378
1805483
881290
935791
1913371
1913371
1805481
1754190
1287680
245834
1198029
1314782
78410
367110
5141
510951
510952
1037528
578461
40302
578460
1052685
871575
460523
913774
212602
1469910
1399860
1399860
2039875
2004952
2039874
1330021
911162
268505
1262450
174685
174685
174685
1354746
669874
181874
482561
502780
121759
121759
502779
1246581
1460663
35722
664439
930991
286661
1073090
416450
1835702
104259
104259
1429867
5076
36646
69771
1170229
1170230
27334
27334
254877
48697
5078
40296
60175
229535
933388
60169
1365484
500485
60172
290292
290292
303698
1316194
29845
1314672
97972
1229662
2082293
1286976
158046
321614
264483
650164
273507
167371
1093900
149040
576137
5601
1664694
98765
98765
745531
4909
4909
4909
4909
763406
4926
765440
1754191
765257
870435
1408161
1314801
1137138
944288
181527
1408658
1408657
1069680
1052797
1380566
1069443
515849
1314778
139420
1447883
670580
561896
109895
2754530
2316362
321146
383855
113226
655981
1622148
1622149
1524831
1622150
1420912
1437433
1420901
1391699
1420902
1420906
1420907
1420908
1420909
1420910
1420911
1420913
1420914
1420915
1622147
342668
146866
1141098
1684307
470096
1305764
93625
1884261
200324
200324
418459
56615
56615
27349
27350
27350
875184
1165861
630390
741275
33203
33203
33203
765867
1302712
97480
97479
97479
97479
97479
97479
97479
45151
45151
45151
45151
45151
45151
45151
426418
318829
2282107
1507870
1974281
112498
1408163
1442369
329046
456999
1423351
983506
1108050
1108050
1086054
1287689
747089
747089
1432141
588596
588596
588596
588596
1803374
180088
1314800
86630
246409
1340429
58291
58291
86635
5288
578459
1305733
741276
5286
1001064
1130832
5286
5286
5286
914238
914237
38038
50990
77044
988480
2070414
2070413
2070412
252598
252598
559292
1080349
226230
27292
566037
36035
698492
698492
1890683
563466
322104
578458
27342
284812
1036808
1432307
665079
665079
5539
2487125
1109443
933852
936435
578457
1314777
1314776
1314773
5147
771870
139825
619300
2028339
2082308
990650
1250544
692275
645134
117820
280036
72559
49012
1340428
1398154
1081102
1397361
1391915
1358809
1283842
1280524
1280523
1283841
765868
92696
183478
183478
183478
721885
796027
984487
930992
13706
286115
286115
1806994
1196081
1441469
28573
37727
37727
441960
1077442
121627
441959
161662
1051890
1306850
1882483
1071380
1071381
573729
2587410
578455
72032
1037660
58919
45235
1163406
94208
1531966
767744
4950
48254
48254
72359
5643
1353009
154538
717944
390896
578456
5217
703511
490622
1042311
101201
452589
58853
398673
1491466
983964
5544
5544
5544
983965
858221
1344414
413071
663331
559882
1215336
1215338
523103
1215328
559305
1215334
1215330
1215329
1215332
1215335
1215339
1215341
1215337
1215331
647933
663202
1186058
1220162
42251
42249
656061
291195
336963
1159556
1159556
307758
120017
237631
86804
105487
694573
356882
252740
436907
5417
948595
50376
5025
5025
5025
5025
86259
2656787
253628
526221
27337
27337
498257
27337
27337
27337
1202531
1027910
27337
27337
100787
100787
1673888
1048519
993615
1540922
245174
245174
245174
245174
245174
245174
245174
245174
245174
245174
245174
245174
245174
245174
245174
245174
245174
245174
245174
245174
245174
1299270
1708541
1708541
1708541
1708541
1708541
1708541
1708541
1708541
1708541
1708541
1708541
1708541
1708541
1708541
1708541
1708541
1708541
1708541
1708541
1708541
1708541
1708541
1708541
1708541
1708541
671144
318751
45607
683960
1041607
742152
2512241
363999
37992
323545
1328760
590646
4952
4952
4952
4952
4952
4952
4952
4952
1080233
1314779
4954
1355161
42258
1365886
4956
4956
42260
1047168
336722
1276529
1276538
983967
498019
498019
498019
498019
498019
498019
5478
5478
5478
5478
5478
5478
5478
5478
5478
5478
45357
52247
45354
45354
418784
